2.18;-356.69;15019.03;93.14;16085.19;93.14;67.25;2165.97;50;66000;34000;110000;5000;10000;0;50
-1.9609323096333768
-0.1561276618301515
-1.0145457575558454
-0.43811238381185186
1.7027969828563227
-0.605471986299742
-0.9850620424667701
-1.4093200556692498
-0.33213218487030727
-1.2117799838265904
-0.6742511411278629
-0.7404139275452362
-2.6752964960963745
1.4102332302849234
-1.4681589094062313
-1.5013354825782406
-1.2689482320881615
-0.8619820145194313
-0.11474418705870161
-0.6060606728371932
-1.1827917171495659
0.4198739238602842
-1.962404675773791
-2.623382526028581
-0.6197443380584176
0.34705729889740616
0.11455557483474028
0.7678678693979044
-0.8189940045689438
0.4891103673770874
-0.8924107753230044
-2.427030034680609
-0.6344378066198936
-0.15117809940300866
0.22150111055041377
1.5974045836962576
-1.305796021737934
-0.037351397035998025
-1.4545381309666316
0.13217325748849879
1.7337436204452563
-1.0588729571166575
-0.22657460460371728
0.4648291175250136
0.014910370340408863
0.1473318058433498
-0.7404344522844382
0.9143804783414495
-4.908599408336709
-0.12229803501844604
-1.1070926838652237
1.785725088707194
1.3346336246729171
-0.20665233826306245
0.293968437377988
-1.38703066245266
-1.106480082363734
-0.40550273937466275
-0.2040259922917428
-0.4659371463901835
-0.9864087434874187
0.16788254561974603
-0.3830733630957491
-0.40465952420013757
0.18465141387175127
0.04541332852550301
-0.9611920988999318
-1.2944266258799482
0.6543723693636702
0.4290806429167867
-1.7515711287212916
0.3299696441511495
-1.2220501015736518
-0.28629883885496515
-0.9230594121509176
0.43584318777281383
-0.015039981304618692
-0.5432589659071131
-0.9521465066515759
-0.917053171435149
-1.5037883956602645
-0.15931538945045504
1.5592606140380993
0.8308271119635791
0.6706161858025769
-1.5088080137804238
-0.718007969604368
1.0149499164068885
0.08444624836811544
-0.17559834131012317
-0.2866536707939446
-1.5512412805993807
-0.8239613896587655
-0.7378642756998589
0.1307412407859362
0.05885476558011735
0.7554423561534411
-1.4434815631004054
-1.7040584900458329
-1.7159064334971117
0.8578947008967472
-0.6772271725757746
0.7824863289576105
-0.9066135975828378
-0.2729438944380822
0.5067147522444679
-0.5408942416499776
-0.8036014098427643
-0.5690955848546725
1.4181653913006589
0.2730430360183651
0.6745579137873279
-1.3211834219046854
0.3403837460204937
-0.6866355546632633
-0.3995268589848938
-0.2656795868497303
-0.2993799958069741
0.45171694398922535
-0.5074190114023877
-0.7884755128386842
-1.3817219404484324
-0.7290285845394554
-0.3757538203930407
-1.1055032586591582
0.25226352720961537
-0.6340637479002795
0.4666903550719094
-1.30143305818836
0.5523734589684283
-0.26176050661659905
-0.19564370426638888
-0.2151579985650161
-1.8607714330693728
-0.03725265429142516
-0.9012622633840562
-1.0160767856559436
0.7669367087341226
-0.6996613892454896
-1.5477636178278689
-1.4373703503760853
-0.4745127489668343
0.0547400406600348
0.9348533126230053
0.54677983935591
0.09610868674239571
-0.6880608884770396
-0.5306824435415144
-0.9254755671076585
-1.1946369981337346
1.745019726070292
-0.7373624524397843
-0.11770225343603671
-0.8028809293850362
-0.06768045297385406
0.9936015355407396
-2.794560781475268
4.521809457593557
-0.33452381402984266
-0.010766961778989373
0.9013786681535171
-0.5319381282238821
-1.586117852091171
-0.7119680884142039
-0.06767348885510799
0.45313812162149786
-1.0069950355981458
-2.058311575469653
-1.5598604696479108
0.5010291895028937
-0.5164126491788261
-0.11980833319079226
-2.685349763249109
0.07284814974140047
-0.19928251951885959
-0.23489229143915707
-0.5170233525333874
1.0920202946543176
-2.1851745377393663
-0.942977632045489
0.5391299428974989
-1.5547080166665401
-0.2149163018493787
-0.4118783624808099
1.6837802242428586
-1.0048666809502111
-1.7878111345676317
1.3270928389449552
-0.21003995079490057
-0.09963767782066844
0.4807054465731391
-1.4319739846976969
1.5900708593066242
-2.050400579555967
-0.13177285730518562
-1.7822705979282922
0.24430382686197516
-0.7029233013007323
1.0955515745916533
-2.182824191074081
-2.360222687723546
-1.7903425507791444
-2.452544583849185
1.0922706802448945
-0.30552158661608747
-1.8490050727649943
0.9261474646112019
0.3428597792445605
-0.8932066347303055
-0.4390631446306325
-0.6292553265972671
0.01158546978463709
0.6370217465753052
0.8486870384778026
-0.5192015488790162
0.6729714231554862
0.7072265642882448
-0.00684711674173339
-0.17041866860090013
-0.9132258437418639
-0.2908156496168528
-1.5986697041293656
-2.2757635514057526
0.38885626155106295
0.07532468196136811
2.2824253784919084
-0.5991934727266316
0.19460603858589795
-1.1031887804862759
0.005758468999380135
1.0539259145588826
-0.9910024855690343
0.4269640159293167
-2.3783420437527623
0.18754713689006186
-1.1216369993053619
-0.8272845454923914
-0.5583295879905203
-1.9167200661540822
-0.29777152843085186
-2.308560950892618
-1.0453521427569947
0.7296692127952709
-0.16307664581053802
-0.7880483687070671
0.6534075979482079
0.14896137949235744
-1.2816430447413174
-0.2040988621039604
-0.8389269948265378
-0.29109286680435353
0.6280410914489275
-0.43105213359075495
0.2400159609767591
0.043759004849892216
-0.8421578326882094
-0.6760793011454107
-0.026371292486775038
-1.1681755337174973
0.6139828308212543
-0.09016582646562955
2.398919639597898
-0.4229462643361733
0.12159180308746448
1.4364575158161668
-3.8851962477904887
-0.49331560537086633
-1.15843350251839
1.8226549036114101
-0.9077248432635744
0.935442308147777
0.5989322403764684
-1.971318859147767
-0.056182695036933614
-0.7290391970410645
-0.9829859604984171
-0.4355593835703121
-0.8781362115283274
-0.04584243872520359
-0.21820553612618981
-0.48130107141548395
-1.5853041787082987
-1.4140356080622287
-0.9022076926028655
-1.200878820061671
-0.8859538726552271
0.2378281047262346
-1.5322794874503296
0.28118072278515976
0.711564600905711
-1.9291488555867777
-0.4800691107042237
-0.4752903389515357
-1.1193304197600915
0.6785837612819394
0.7500084606357761
0.16242520828119686
-1.0296356462114167
-1.3378066541829794
-0.29469329103221803
-0.1790021677158695
-0.12282986557494494
0.28684339273454257
-1.9695532072205797
-1.1283675461980482
-0.40750661758726825
-3.097076674905491
-0.04429233490294352
0.6172524710435459
-0.9638117979201379
1.478067185909925
-1.4948507175398562
-0.2134203452647205
0.536230821411235
-0.06343992778201016
-0.7260194955642408
0.035880701407173116
0.9565299080518319
3.606305378146367
0.03619644885066815
-2.7066696911629142
1.2779823490294253
-0.4422595641546354
-0.7891121180759836
-0.3937055704341141
-0.2526939972023755
-1.0804098524291852
-0.49884112356181737
-1.5782000374192133
-0.3596094162449338
0.44490736923028923
-1.0926114821842257
1.0137984982176322
-1.2659633711529261
1.699119858164281
-0.6443104861850875
-0.17357691740019443
-0.4283088813868063
-0.060244027227874544
0.018507053201707296
-0.4092906531604929
-1.1122887978910807
0.8551999444762853
-1.14126716699364
0.43471427457863643
0.0655004675197774
0.4105519797772723
-0.9958434857852652
-1.4733686638680121
-0.17448056836083986
0.7079228526067871
0.6152487090418491
-0.4796783970636263
0.21207995516936382
-0.6331431503367824
0.4245417695407185
0.47166741165076503
-0.06531333986677994
-0.5011553813366251
-0.3268964363137423
-2.3361747804857247
1.4387627895439
-0.7164324816186786
-0.9682612163428678
-0.07348389935780648
0.13316492591089338
-1.0109861195272476
-0.007095556487006585
-3.0792754573519
0.42200178871762645
0.21319320202505262
-1.6771811405867922
-0.26228760703547577
-0.38862837575805403
0.8004329810533952
-0.5090899224043552
-0.167372099856614
-3.576095575580552
1.4245141789355473
0.8413421427980243
2.783476807553378
0.7149804619755609
-1.4909348387398003
-0.5901949619960478
-0.10538206226068442
-1.0405854824254315
-0.14605648335865073
-0.27160233225304364
0.035814062388048566
1.0922292851812383
-1.2212168770263387
-1.3476588529516882
-1.2020389088163346
-0.7708589265378146
0.2692221706012482
-1.9366148032944452
0.06107143674026391
-0.320898877735417
-0.9459609306379146
0.5484244308176888
-1.0348252725352214
0.8450045398849758
-0.1020308881188688
-0.9167121830351903
0.57096651789133
1.678920529876533
-0.9893811448570672
-1.3657760114720459
-2.6616338214161925
-1.6807988763439257
-0.49934191446528914
-0.6305503917199383
-0.15813737978849265
-0.21237157350201893
0.6298001664787174
0.3573268102606116
0.896374892479094
0.9697139183363064
0.5594574279876161
-1.682630321481998
0.012520021553294526
0.3266531986939041
0.4551745698303335
0.849976387290275
-0.45836623829884404
0.3092561886379706
-1.244678040211567
0.0937767065902816
0.22642921920911085
-3.1740465567774314
-0.46192058992403706
0.7686373653176138
-0.5341982621323849
0.12101707584767704
0.31496370682924224
-1.541039938244399
1.9112538370218515
1.5452197970775525
-0.8521535694433413
0.46602011150840156
0.08546649069199865
-0.6597208412020066
-0.09894820136051004
-0.6603490862287462
-0.5756789648327126
-0.8964290761958185
2.9876189050436586
-2.722998588800137
-1.6507611685808392
-0.7874256618636419
0.08099116453146704
-1.2133025010064735
2.9315979978692988
0.23930896548196845
-0.004795627560926266
-0.43922220587543787
-1.8903137129068466
1.3754710638838132
-0.5127646676438993
-1.0005275461840486
0.22379060491907127
-0.613962298019821
-0.05316849441835472
-0.33720881259137736
-1.0403152167326732
-0.28697416118474783
0.7122971031091128
-0.45085891601242434
-0.8380262896084066
-2.173072002950518
-0.43482928493391304
-0.4972733589956664
-0.6035985476935072
-1.034821356397614
0.0324796158455128
0.7874252187452081
-1.5327561582370266
-1.768380825084986
-0.7776784107030321
0.5593609846652948
0.019955361385997978
-0.6619179121292857
-0.2671109020052985
0.6207036704683565
-0.44483554814677284
3.3067685513582115
-1.0642364520774608
1.3485037404678164
1.1796596597285163
-0.04907852353662331
0.4803284416155709
-1.5853007813561573
-0.6911417091776316
-1.8635750357459588
-0.6353034512099527
-1.4686469277583583
-1.596445600101775
-0.5509262692794563
-1.1005811832815129
0.2454858353203985
-0.21851659494360748
-0.626969960853945
-0.726934276017572
-0.7338741975944104
-1.7327732544634067
2.29237064731256
1.2068956357618457
-0.6658480998100841
0.8346911302882231
-0.40613557721512117
-1.3411941611875677
0.2244406277383703
-0.1387967105441363
0.11544798427096964
-0.9892207715228409
0.3496983602693164
-0.13578672511066373
1.5645885357185276
0.01778657612277979
-0.1420071646476406
-1.2220146368896272
-0.2703434931714012
-1.92741881267495
-0.7425986733358253
1.1075748772552088
-1.0615154699266571
-0.8935425112603196
0.6163061650900211
0.13609479178506237
0.6033477882716463
2.1470277348222155
-0.5417777631418708
-2.3425795049877403
0.2608450657871932
0.03666878206218374
-0.17993137513800075
-0.353559042544009
0.7291040125001185
-1.7352054585045968
-1.3272683777035994
1.1381717704633656
-0.27237212691745066
-1.3406322894453124
-0.7964413806096653
1.5177317974472206
-1.0124518490515622
2.4926618603201494
1.2893570223017488
2.0355643664289857
-0.20846911184799413
-0.1783467142391842
1.6855773942991452
-0.17478393347425367
-0.6378319239238545
-0.8751835231834503
1.101107002617104
-0.6261381556968013
0.5043706504517613
0.13084746854213247
-0.3789720601299282
-0.7213246865808257
0.5706518372691105
-0.8285806241549253
-0.7906072542689081
-2.3929309290179197
1.1081934897914838
-0.0022077368422201743
-0.5675204842627948
-0.11785974285472008
-0.852449319052326
2.2965365791331163
-0.32938235194048854
0.0787520959571485
-0.2180995322147353
-1.2578355815926614
-0.5591651483245952
-0.9060037591273958
-1.1609850924270295
0.7203277444435049
-2.424583840299173
-0.10798138676652361
-0.5474114708991494
-0.45356659654112597
-0.5111738940703362
-0.5263911191179343
0.6528745869049168
-0.20416800500985205
-0.2861557842787036
-1.5148761064037544
-1.5921520937389004
-1.4486449080176746
-1.743078397838834
-1.0361028014671603
-0.3816765531893318
-0.03311798603690161
-0.8379292204543844
-0.3369979012710146
0.4576509817955808
-0.7024092533319605
0.6551580604808681
-0.0015835288917108055
-0.9357158033370564
-0.8008345123789844
0.7852682652939591
1.8396402020219496
-0.6165915038367302
0.02188173098973733
-1.5840208837881926
-0.6425125161496716
-0.18071773467339816
0.21742421465654221
-0.3554550762796902
-1.8378809468421153
-2.5102939082252687
0.00868465443230585
2.3631031217392087
1.5526872969982206
-1.7950737531285275
-0.183566179113474
-1.9534089367884353
-0.0343985484968582
-0.40619521276214954
-1.531026823951383
-0.7888497559812926
-1.6427436380498925
-0.2113246384549261
-0.24170829571993452
-0.5579838512679556
-0.34874693968363896
2.326257089511138
-1.104448767964439
0.9554226137116203
-2.761358627880817
-0.039318713097979005
-0.16178669695571216
-0.6364887514038151
0.33624812797480047
0.0017423710732548893
-0.5704580208095539
-0.5859399383960576
-1.2103169752033742
-0.4637425272040321
0.21948537366609705
-2.7997194755087476
-0.9660199177121931
-0.07365900075884747
-0.7218925385221867
-2.2682786447674497
-1.123599357143406
-0.22309147153731523
2.8663045711382407
0.9900058572578848
-0.5254491292014084
-0.7219093066270855
-0.7258731135334513
-0.18117528874313524
-0.15605141710947273
1.734184348778963
0.2763452866224403
-0.6807787276922768
-0.9116647096223317
-0.7368658238570622
-0.5523729724546375
-0.6180420647397193
-0.39742940976019836
-0.9895056298752706
-0.9547410830937777
-1.3982308525689335
0.025493618913592635
0.9256749361741637
-1.4187401463281246
1.2552376235992393
-0.6898666735145135
3.203219481243991
-0.31530055522691475
-2.2758993945385146
0.026975257975146653
-1.223091776734024
0.2681454126852337
-0.6387708091398917
-0.4896510727654927
-0.43069019269847236
-1.3427968579457445
0.1851285758587146
-0.35532828587592136
-1.1087856873425357
-0.1866924269645795
-2.3825322078607023
-0.9263094001297335
-0.9421307333480783
0.48338975864952244
-1.2413115097160252
-0.7300021409022441
-1.1797359855530338
-0.573416697565964
-0.10264733120057247
0.6221986126402762
-0.5035926318362665
-0.4676763783273107
-1.6095249099785187
0.43988052990151777
-0.830640120776549
0.3560270479425872
-1.4803982426190159
-1.0593502460041804
-0.6059710668509655
-0.0226296693431042
2.4226182118859416
0.0692505374243337
1.0553969779693881
-0.8910767363778783
0.5982105440896014
0.7022122397836359
2.7509426755419977
0.6510208858557066
0.27097052832282187
-0.5600413250731635
0.7028215611639437
-2.2234797249867824
1.1879873694294083
-0.22801044779336865
1.0111861177595987
1.2970883739578816
-0.8328132666358583
1.4471344139198048
-0.49038353846034916
-1.0708986975283405
-1.2554353972284413
-0.6166381683755178
-0.3805294951833313
0.11402937558699348
-0.5224273324014833
-0.8949529342568667
-0.4903457760665981
0.9958186606837927
-0.44049070348833125
-0.7352062005633194
0.7559054820673912
-1.3051719880624237
0.7302169096285321
-1.2316460556860398
-0.23107778416466412
-1.1636749150125552
0.6900023777998955
0.2675726345144962
-2.4226621342315857
2.2039411297239027
-0.687210451451422
-1.2874101952805077
-1.0524667064554412
-0.6107012838279592
0.07293313825316945
-0.5596101054806472
0.10508557228539675
-1.3821594976658065
1.367010024235631
1.5486537063174097
-1.6248555412291152
-0.540670931685438
0.10483226765587088
1.4409798515973569
-0.07503013790524994
-0.08374741038958308
-0.6202670323095572
-0.034035024467332
-0.2907809786168954
-1.2467248798811579
-1.1379392117422087
-2.952065891673421
-0.6068048130418047
-2.3558422150456324
-1.7961025622287932
-3.2447951500561065
4.3726518970121875
-1.9217803019219424
-0.024188297562579997
3.7202011429032344
-1.939130295438555
-1.5558476191357493
1.1311592083661552
-0.2565220025363369
0.3007023190410941
-0.46874757555952545
1.0010330045344527
-2.2705287943084196
-1.246998010668761
0.15173215841458307
0.3448360226435425
1.1884071674145888
-0.3977119539561102
0.8014724930394254
-0.24671385867936618
-0.5044788120020999
1.729335009842611
0.08005087443004642
1.0351720322819753
0.8016026865383514
-2.782423465256246
-1.0764516050962463
0.718940216303117
-0.4756805830197277
-0.40043219457273244
-1.6423515664119526
1.1739675040042488
1.3955499203685529
0.57043912623175
0.22358034991098308
0.8441145545351461
-1.5229583314470152
-0.5669772977957547
-0.16499724791515102
0.4747737646553022
-0.1233941068838843
-0.38349889053116026
-0.7911198780636836
-0.1755474649579373
0.13699052665086658
-0.21148346316982677
0.16713995794547853
0.32841603031103894
-0.5584942411353399
-0.7841141277093275
1.2976796730977138
-0.8873216296858433
-5.120251092989534
0.15840697699819886
-0.28212202135181574
-0.08066349652227318
-1.0088760798330445
0.056344826087540524
-0.5624647111498808
-0.6639267631501861
-0.16201685845219288
-0.9926744483869329
0.08755303211965289
-0.20135359131160832
-0.4465489984429876
-0.8920543958138267
-0.2866421942888368
-0.100380750472633
-1.1273099490104705
-0.5078452296116757
-0.8231093731239086
-1.3212819503184012
-0.4284208478666836
-1.0761850700299316
-2.8070928489086038
-0.5516665925284755
-1.2482728531747798
-0.7311631046853597
-0.5315226819328207
0.7336034757742758
0.5976468160333372
-0.682683522353076
-0.7009988442596934
0.09914433432167541
-0.2244628039249319
-1.5141235842656453
-2.1348573212203954
-0.5433681453579224
-0.4567532537483171
-2.807043433669639
-1.1902752886418153
-0.039299596364641524
0.8368024160766018
-0.06351695254794891
-1.1649528805424654
-0.15263409440170408
-0.49183067748136416
-2.6167867904491784
-0.8156961220392261
1.114335059956433
-0.264681735758963
-1.6169817273319564
-1.8386830618714658
1.6561936193021976
1.147398655964669
0.0531804448434691
-1.7835312114217583
-0.8639533641805178
-0.9460208517408347
0.5807588157313123
-0.9542627436305358
0.6074963030855407
-1.749094053749401
-0.435343680892986
-2.0190656624607493
-0.8678586450566442
-0.6541185402704631
-2.937437329247145
-2.3022809920907714
1.4454517935856452
-0.5242806587217506
-0.5533666033075297
-3.0407943320225996
0.15008766495384973
-0.19549860934348393
-0.07849526811345313
4.3808606548400055
-0.5374844458928293
-0.2523445805697025
-0.5458357088543194
0.2979345964917681
-1.037327686556155
-1.2660861474325222
-0.7944432351278728
2.5869760750489834
0.43506008556470926
-1.1934029355210063
0.17549537182630914
0.6389724559338571
-0.48604606157718133
-0.08140977995704862
-0.6630456825883568
4.780938474145117
1.7191042354449482
-0.5194974927059189
0.49355028843520454
-2.0178953833670663
-1.5170735457533377
-0.9666807214951004
1.299649495666894
1.569883975887193
-0.959315652678508
0.23765002702321436
-0.37143815803687424
-0.6625024310025317
-1.4129904661709114
-1.1299526593460638
-0.36187426295862624
0.8333614878893134
0.07597367563756101
-0.20765577710474428
-0.5609647756875651
-2.6232220999767697
-1.690450402280179
-3.301679809291292
-3.159748395613269
-1.1591775264030029
-0.31693379106479874
-1.6274953998002566
-0.08794916390311655
-0.08787763107535565
-0.3595776395460528
1.02710188762532
-0.4802639261904181
2.207923825346829
-1.2689715523913714
-0.18642600225435338
-1.3823993190819261
-0.05479343558285905
-1.0312821137911012
-2.828927705357388
-0.7242422684592987
-0.5945574610035281
-0.7097741578692167
-1.1468870697852884
-0.021103416227349094
0.8986852060785518
-0.46573520590885564
-0.21464255385428838
0.856769099785128
-1.2931091387800644
-2.586746980180385
-0.8859799697999566
-0.8622032594504228
0.40513550747494154
2.2898176696802457
0.13211020114197222
-0.9589801656253053
-0.1266552942879792
-0.8546915622255511
-0.37084645144732165
-0.10548920313968904
-0.8193080811040018
-2.2464977735409
0.7321136218068499
-1.0447378305383277
0.2110301736501535
1.4394518833836654
-0.38423780037820254
-1.0851796667890314
-0.3256077446263661
-1.2891660815099402
-0.1791102104881076
-0.40268586758188185
-1.100061330830297
-0.7507974311448609
-0.33364322694053944
1.8297110807355355
0.3589407324120256
0.7671341299316222
0.11957661286826084
-1.8772396687185322
-0.018099330243520586
-1.5119642135898648
-0.9446641129160684
-1.1819809816870654
-1.3182900416856023
-2.249725165048343
-0.1015794461653357
-1.1048405369967658
-2.3151220311260805
-0.3002159909051363
-0.5197628161337828
-0.8951947570161358
-0.45446317489688615
-0.8565912122782037
0.07104191492344014
1.9411244750443202
-0.3502378106082834
0.5626418391619845
0.49776326985057645
-1.2816636500712493
-0.7399618462581327
1.263269022644259
0.007772455706550111
-0.214722541082494
-0.1466739595698153
0.5267141056039971
-1.4153922431580028
-0.22399929140238975
2.025724803098888
-1.9167835460657723
-0.871655194867083
-2.438829584184768
0.06622368333670045
0.6284971459894404
0.10680477740927947
0.8134085658534338
-1.1469021301385858
-1.3762292917136167
0.535795487052225
-1.2039824265471382
-0.636013422482462
-0.6959516349692301
0.32523389361809585
-1.0713704443368377
-0.7162034081377698
-1.2498785336743217
-0.18608107362816262
0.3310942447207439
0.39523735612066385
-0.3293429872554971
-1.0746344145634557
0.11259625394573973
-0.8929000448993423
-0.0427330406612656
-1.5853810802973975
-0.3683214372214888
-0.6031873498671501
-1.1848814349462935
-1.5407801728859776
0.89062883668909
-0.8310905161009657
1.6121988015566902
0.2912432694347905
0.24989286973803818
0.049288076270948854
-0.968721889833498
-0.31411222117328486
-0.36409119230776676
-0.20082701578464562
-0.40170488351013467
1.8004530888102768
-1.603101739712399
0.4639208167847449
-1.4058213369750239
-0.9341685254452169
-1.0368011503333963
-0.4308604286725863
-0.4266189288463443
-0.29794910147936576
-1.3878518010247929
0.6851365841240364
0.8776074073692143
0.6299701248371056
-1.193927316911792
-0.6206603949673047
0.8568229226390337
-0.33369887827488665
2.01188104395375
-0.7340507229313733
-0.32809263711673226
-0.580718480818693
-0.46105125055586044
-1.2021887348007425
-0.9150861436239379
-0.7983041525651557
-1.0299183956979676
-1.7114974279070352
0.48693156848476354
-0.340719292637446
-0.7397799526911176
-0.2427328112888541
-0.5612882376520903
-0.16805411752860458
-0.4950073634731529
-1.0415992831785228
-0.9175764715982256
-0.7532358431274974
-0.3283005029539719
1.3796696977032608
-1.4841316616000528
-2.3290187332527648
-0.49933917325953014
0.14970102653746944
0.189845554492029
-2.8030330818885356
-1.1619304249717195
-0.9429509643542423
-0.024948550545285005
-0.9702329520902043
0.22298410561501955
0.6697018997867321
-0.9161636018316961
-0.8835779195100618
0.9315088675809621
0.5675082861371683
0.296629708615981
-0.7302372521650079
-0.7747167711237911
1.6914032988821934
-2.5133168436259945
-1.4835336963505923
-2.3594092401354483
-0.38506873307931366
0.3683792149261738
-0.053728714069365045
-0.3593523425428082
-0.24945199053342057
3.797361144202249
-0.003303113368967331
-1.1228450596710506
-2.091508638430983
0.2234810841949885
1.570084768859873
-0.6582286837522388
-0.5698738477556193
-1.3124625682873534
0.37398861660618554
0.800084995491067
-0.28144226626294955
0.5764824634439764
-1.1684166721951819
0.2730686457296978
-1.0517139369412245
0.12269524267865296
-1.5073764338312199
0.9608284142281757
-0.2761739390133393
-3.2798085190452615
0.9686598092816084
-1.5624886862287553
-0.28356859248391103
-0.8298517567558958
0.6645560818203322
0.8632779591776494
-1.6066979152195855
-1.2013785544364364
-0.08624722645669682
-0.8697084733476856
0.22092184489307656
0.09479297092716218
-0.15373666544751535
-0.7350735211984092
-0.8195404529999472
0.35715988189255454
-1.3631238321348933
0.9746195827764653
1.8325278611912572
-0.5919594239520164
-0.30887603527489566
-0.5719756201459834
0.5018415655474028
-1.008922963356359
0.26116619844238514
-0.07024698770729328
0.0351307774424941
-0.1886410268102336
-0.34151083128652543
-0.22679250855785665
-1.789364770344247
-0.4531351398370168
-0.24361255625202136
-2.890749995080209
-0.16238062487586363
0.7420042476597483
-1.1878323776184658
0.457101055955251
-0.04266471282946141
-0.7797595401307976
-0.8848031758570343
-0.5378786104512365
-0.5023305634476987
-0.24127603683433183
0.5095577537605138
0.138368986517809
0.7717365403345393
0.340171323962392
-1.0241153199214434
1.5787395887801068
0.011932980844958882
-2.09204374487368
0.09394369366321162
0.39898038234836297
-2.009177449532353
-0.83465869252703
0.22611235477409902
-0.7942701237590627
0.6282991513778644
1.4435982785481898
0.7927610655904263
-0.3188866592714136
0.11827217982992676
0.9752693594531887
-0.19139032033753164
-1.5038627966160374
0.43726927858161785
0.0951977527116001
-2.0957475610451457
0.45721059210099363
-0.07319719280633778
-2.2260933859592145
1.0509547751886659
0.547395742336268
0.08579431574623796
-0.17690983137071256
0.4817877821682821
-0.989052017488562
-2.419299518266022
-1.5232927940061387
0.40596026970227705
-0.609052010453954
-0.7306425887439675
-1.3836378955257789
-0.2112358297310019
-1.3734670907152717
1.2275483259194306
-1.8291364752258965
0.14756520598419362
-0.29092899471040484
-0.030966621468822942
1.3986002646136668
1.5628799666087059
-1.0000836393583306
-0.09422368618917665
-0.21412138537655856
-0.19193291261805545
-0.0026098506824300794
2.5804298931851744
-0.5669897068541873
-2.0200914283878464
0.09394798864524667
-0.38531396762962916
-0.1622669875621282
-0.9667579861482278
-0.6970833390193621
-1.1237075693612644
-0.27641743408004305
-1.619355081503253
3.4323406467951156
-0.5681347939181641
-0.838474453116956
-0.0007362629057380465
0.7211272787192605
-0.6162552355757454
-0.42645763217986665
-1.2003340545221874
-0.6659136856261705
-0.12111603236410776
-1.4714580411087335
0.26241241620392214
-0.5382951735354573
-1.2214714120223118
1.6613812283719804
0.6277349554779802
5.837338363700111
0.4238495694688814
1.628185426883528
0.2709907137219691
0.452715591541504
-1.2258917458032856
0.3441286861641571
0.7815849905740881
1.9614865517832374
0.3188114386326324
2.05423942700529
-0.924933813279785
-0.42342186643766067
0.8258873100048693
0.8833024341031899
-0.8265317359058854
-0.3766314978423581
-0.8549325521537419
-0.5407068806014814
1.1801779488374853
-1.4775022488126797
-0.30451555945888187
-1.0905891640158245
-1.8436106235711962
-0.30641044564187514
5.924691634935598
-1.408979224786644
-1.3091935885697028
-0.007419859600676219
0.4432701737360998
-1.3385290958707108
-0.9315180557589974
0.38664256159895827
-1.4760507287836064
0.19095323574315526
-1.4497348790234357
-0.5290210943576525
0.27614911268207165
-1.1099358493326899
-1.0584684701519211
-0.4011492017781193
0.5670522535065748
-0.7328941187310618
-0.23105136954814315
-1.733421072854925
-1.8454196343316076
0.18800759589605953
-0.28380637881496734
-0.6123322227197286
-0.03272480814751161
-0.8939711398603855
0.07881652557006236
-1.4806927901565168
-0.2567282703573072
-0.5884937627173757
1.0917416994444646
-0.8134788388353037
-1.2447990083964493
-1.431721162545066
0.310669471038032
-0.16718834669209484
-0.4616129176662302
2.9204912603994773
-1.5511505633937952
1.1796664790771336
0.17664001854061395
0.9170688913676848
-1.5277885465770185
-0.23336544446876928
1.0130693338510892
-1.054708745284641
-0.6752547128394136
-0.8918820513523835
-0.3774582035812265
-1.8011257692881653
0.053721916412162306
-0.31078121442572754
-0.21214426927098137
-0.5961412482098866
-1.2399464648655825
-0.61559990811316
1.0296744527017172
-1.7122473077635263
0.44483245297920193
1.2174324685076783
-1.0544746186091678
-0.049323261052241656
-1.034639635858525
2.2569822483960174
0.08121762276986604
0.4492868032761905
-0.09580079497582046
-0.5629089465464947
-1.3918992863701902
-0.4170942181552234
-0.3161154489715749
0.47216671142782085
0.5125406085196667
-1.3750855344136135
-1.014679233634594
0.379826886586918
-1.0209586860737696
-0.13178572492531887
-0.971859468759878
0.03223875624706357
-1.041800995726947
-0.05730056942604128
1.1072765079980924
-0.9519651943683826
-0.9551021533107024
0.5890600716923483
-0.5680245272889288
-1.5976361849460128
0.756349795739914
0.07365351959784491
0.16026872605312573
0.47093206244485275
-0.47994053880149956
-0.515106124175388
-2.243614063087341
0.49240813065662803
-0.09955203184864157
-0.5633213395159983
-1.1123068565062233
0.3603643515792557
1.0359656468755405
0.8609494653453168
-0.1375743606035764
-0.5693543967240728
-0.8368191289033746
-0.46116168928563045
-0.9485369599975946
-1.256838931484761
-0.6053014680273527
0.0842984604270288
2.0899362372719184
0.06673865618984617
1.3224233359978483
-0.6603746557259451
0.3194564757304002
-1.7255187582972593
-1.0279709321957176
1.653850865680814
-1.3472273195453597
0.21790373154448078
0.6877455821351454
-0.5825111397840524
-1.9058232361410623
0.0013576641978876685
-0.3244862665573222
-0.9439770122876422
1.0253919448327493
-0.12487581664914907
0.16229037755780137
0.05759917793503611
0.9049108606419859
-1.1773839846240661
0.5055350618256474
0.516192411019556
-0.10765842290516585
0.931539795322498
-0.3394354511189226
1.6553989967623588
0.18422425200000786
-1.1399964300934522
1.807973752873358
-0.43515162314775174
-1.1005436518162017
-0.9856605701599895
0.0709423412184987
-0.6090330117855247
-1.0237508166185556
-0.012762133479134364
-1.8365544653476273
0.21683748040766698
-1.1843738984678065
0.17316502224679778
-2.315265537197029
0.6389091827638745
-0.6166593112472447
-0.5388435001095946
-0.6550385784836451
0.27612514174403974
-0.7276207687947789
-4.452674588309031
-0.39905083088539844
-0.22634541986181603
1.0561976430402462
-2.4412868980333164
-1.9513770961614567
0.619856570769508
-1.0460005343502754
-0.16501227667771481
-0.9316241383561813
-0.9185455917177449
-3.0861017863040727
-0.4139644494597046
0.6492559429705564
-1.9074321945449346
-0.7142970076423599
-1.8078201744107256
-0.8027429683398859
0.19685159934089758
0.03091868817456742
-0.626900249767486
0.26399615310314795
0.7353298819998473
-0.05020334216814589
-0.6467891135789176
-0.10928168378037988
-0.7765568823466275
0.6379675551705758
0.5194025529530344
0.5004674266340128
-0.11881843249459587
0.3448099219788127
-1.8695185408469701
-1.6937657376960877
-2.675850365625329
-0.8191817405485426
1.1510283618532133
-1.0933845726862164
-1.2859849697729573
-3.2596837192495998
-1.363191535090638
1.5646574662842225
-0.03141401046099745
-1.0103308632694787
-1.5620331439484239
0.24367350041360303
-1.7834636800723518
-0.2255541693630763
-1.4068243571822698
0.5977626230447046
-0.06774591153259867
0.49052257151518175
1.2069353365513016
-1.434968758753478
-0.35916530595836127
-1.4754473000530788
-0.6767666565611026
-0.4081420717985255
-0.1978518277743039
1.476071069931381
-0.5404740461177195
-0.19358813295207083
-0.9566618765787213
-0.057080930287353435
-0.1214775972260147
0.5216088030196188
-0.6288715762179381
-0.33845852628214196
-0.613308234481561
3.11069793063252
0.2986338980202818
0.9573582113051551
-0.13580772466978003
-0.19219499709260512
-3.0250384995846145
-0.5440572700879123
0.7303055673232991
1.6297863446337517
-1.4783734478230663
-1.4798503499292024
-1.6409012912602556
-0.7084554450198389
-1.9564194203442522
-0.4530931046516453
5.4418936266878335
-2.169957315542462
1.511716292482922
-0.4831858253582481
0.37144689753754173
-0.8182285973461928
-0.8477151859143963
-0.35653207698091205
-1.4392208941472917
-0.3487500986538789
0.13922311647041433
-1.002776974008809
-0.31173233371318754
-1.6076773272611309
1.5936161515574028
0.48465338270889236
0.2662458553851844
1.4108365255547164
-0.6104200635040697
-0.1970164499023567
0.39041414915194445
-0.9568623600716921
-1.0572216129113938
0.36370524444702285
-0.4866335686479737
-0.7943791712279149
-0.05240674075521496
-1.7612491078608694
4.210621142789262
-0.7174077898649999
1.0863820546179657
0.8485991876484359
-1.6923606510255673
-0.32021357277667356
-0.9017559504546688
-0.33683768178803847
-0.306387691723324
0.14532754748487864
-1.6342462586996058
1.451476574826321
-1.8557284891092107
-1.0419814160322276
0.24597121955959292
3.1609444378613154
-0.8567918507877894
-1.3919799670201902
-1.8108793980195916
-0.8270402471531682
-0.1810415818288088
-0.12633839654351217
1.6750670159438537
-0.11632359418987047
1.333281590299982
-0.33277812037834265
0.7130938773328105
0.6148275869489648
-0.869103006811719
1.2179588262265202
0.15742765280104706
-1.7787722150698697
-0.34717902295215336
-1.3441466675433247
-1.0815887754786342
1.0070236140614197
1.215382230758543
-0.4719983930203905
-0.7374364988584815
-0.7956443991055541
1.378918943408331
-2.9230507838300697
0.01893628678824762
-0.7325889462961045
0.013164833791550399
2.41852380837287
-0.18688142946724162
-0.2802642433021348
1.0589979504560432
-0.8394083667740889
-1.1356349849366787
-1.156223894245477
2.9418949429019348
-0.6791973405068228
-0.22876066523759767
1.1047147331229212
0.1883687877343961
0.6463439960762952
-0.016013196021895628
0.5066173276048449
0.6513194502728668
-0.539203240532768
-0.3421926251504397
-0.16210028023182532
5.436799264660976
-0.9113284295747064
-1.5855282992843778
0.6787605633784033
-0.9148216616005723
-0.15693378993887006
0.9821383191635437
-1.2882883665828813
-0.764446308063955
0.5704414453007426
-0.3921674776803961
0.10137568812255623
-0.8654165764271835
-2.4256088868911596
-0.6754987862089501
-0.8433545221937042
-1.161026501736513
0.04496534784939519
-2.521192108637428
0.05699691622092531
1.6779148376545612
0.19863296647389844
-0.0201294647537021
-0.07308235131574792
-1.6047914610412386
-0.5211766223523587
-1.1229011270508253
2.034224668039664
-0.3005881264335469
-0.41473193633268374
-0.36595782700336094
0.6827765226573895
-0.8948399227633427
0.15798255400047895
-1.092742958453937
-0.10898443056945074
0.08060656815484263
-0.42594572846157536
-0.942654809484077
-1.1138950291818512
-0.8262005733072311
1.527519435699125
1.1107608922115044
-0.07038868397196033
1.3733963783909724
-1.0320599608211984
-0.4578280678714214
1.2613486900233286
1.5074173261017385
-1.4332468711967141
0.7166625250327834
-0.1394748603171869
-1.9202733233101732
-0.09189235621842201
-4.3602997458027355
-1.141990053186195
0.09562474329069987
-0.9160129957360268
-1.0235347207192818
-0.8793532068126182
-0.7854169660383092
0.35005694929048514
-2.2194151785406206
1.617519419168602
-0.27694592007071844
-0.05755139576130041
0.6621969801365974
0.24926549734021106
0.6094255670024408
2.318938767130411
-0.38631086946850635
-0.4665756106249117
0.5881534406999491
0.5929915200837768
0.24714011562028226
0.070660331246317
0.37445062543947527
-1.9533957905672916
-1.356920375712203
-0.7846207201970291
-0.655675129303591
-1.7242446612716447
-0.21851659494360748
-0.8048970090928528
-0.4102705610488895
-0.366569332762058
-1.5262017077342787
1.5398464909002207
1.1470837719166689
-1.4371226964708326
0.6529291891175266
-1.6167206008224506
-0.07754628440757713
0.8689071778866901
0.04934174809073174
0.28474643601047317
1.419304070032645
1.466464091598236
-0.2225606422256066
-0.4293373605399554
-0.5705938999608439
0.27073421093173783
-0.593061430682317
-1.5537286639969734
-0.25836716555243094
-1.9573909946614447
2.0866206658309707
1.0231662790972142
1.3850803431332044
-1.0826577145283773
0.5565275813614056
0.15788906013591286
-1.8273954066156448
0.6691004142810899
0.00411949405809108
-3.0988502279185015
-0.5628120516826121
-1.1696482449799197
0.7009831267304977
-0.23690117899366162
-1.4936221603163073
-0.9294592021898178
-0.0512703203436143
-0.2843113892145636
-1.3922726294654262
-0.3787721329994745
-1.6519169705110468
-1.755470591807516
-0.3840074555903402
0.2805685919580747
-2.1659031177277686
-1.0815759232568303
0.13854260839652832
-0.22217985289329975
-0.2960214383422862
-1.3461314202704127
0.1521752022011579
0.6449060471749922
-0.43209396517894494
0.12659685920557168
-1.465451631555885
0.7465322324905377
-2.624833552153856
-0.6600807863530096
0.840937733245726
1.0026743177765347
-1.9842282460127292
-3.0428929070282305
-0.6448455236471727
-2.3384987111615394
0.6355396719482843
-0.0910763829734506
-2.175505486660964
-1.077704008050655
1.0485969990126731
1.9123425016440667
-0.568733409467495
2.0573561457914322
0.4486100466578569
-2.34116956511699
0.21797710488088393
-0.5263911191179343
-2.6598068368334884
-0.5261391971761814
-2.508201253817262
-0.6972614595307096
-1.7504626451461007
-1.1541394131987794
1.2551815799751413
0.3122289398960618
-1.9137040486313273
-0.46802032850082487
-0.022619915023116326
-1.7739875164940027
-0.8532184471542431
-1.7730462465736159
-0.7094758694591197
-1.196097930777846
-0.3794132956684419
-0.3927200202450463
-0.49866729000167054
-0.24133843425201565
0.17611770099964236
-1.2119131891874086
0.3215541109200569
0.829402731551998
0.10508057744125185
-0.7732884602071796
1.5156743982765652
-3.093873418353826
-0.896261748959745
-1.0291924307710696
-0.7541228031600822
1.5040330164132527
2.271722150958562
-3.2505627806827144
-2.6170109125962417
-0.2939793010940588
-0.627348662666182
-0.5861494221641219
0.6645241574576182
-0.5074912825573031
-0.9076633020464003
0.12433455227787218
-1.1663937048027602
-0.20016533392649472
0.8347786515094661
-0.7792337981604015
-2.0441491758352477
-0.9198987429916835
-0.9056484048383814
-0.4277649192651951
-0.037847878895925835
-1.6253768868829983
0.03382933826799368
0.06800256841841533
0.9376692364448833
-0.658721727776327
0.6921399543106229
-0.8263220348014979
1.0286756829134245
1.0616900757921952
-0.5166502106875523
0.057837484384589105
-1.0991664230817861
-0.00017873175875158067
1.5076440017187684
-1.1134560837777694
0.02131639493604322
0.32283873774783384
-2.904491716472949
1.3214574392333474
-4.120890654324598
-1.5134995226873698
-2.5330707172237847
0.27069759839700575
-0.31529829019332084
-2.4173277434805716
-0.6649385311547934
-1.7236065103544487
-1.4563459571644881
-1.0487978929875756
-0.3122245804514135
-1.3189465248651693
-1.3284733917574698
0.0493557032640728
-0.8348125041606155
1.9401077554913828
-1.1273621460644636
-0.41233512579338244
-0.05371054287005152
0.6949403797331521
-0.8291022069761423
-0.6740920280572368
0.0012749175274005655
-0.29040799330355643
0.2006978185390115
-0.3675631240766641
1.4020516503155762
0.5958177600290855
-0.08003324507575077
-0.4428090590521139
-0.32820804062330566
0.8010395223812846
0.7426506498746478
0.03007521751195816
-0.17857694533860613
-3.7169815609292756
1.0598115053721828
-0.2759323047724233
-0.19108616287377578
1.581662289055549
0.23350377349423707
1.022289242531342
-0.7522369160813044
-0.707000424191691
-0.10771706605627836
0.7172131342207537
-0.21847024246425903
-1.2567169527424258
-1.263994234722048
1.784508852683395
-0.5836991625957747
0.4609523034648631
-2.624645380305362
0.08147074563149821
-0.45876987830441285
-0.9138258890038381
-1.7591765996148987
-1.4778533235257345
-0.7207300157998733
2.1707636949651263
1.0674585030229458
0.00272234315650027
-2.1099520127823377
-1.1530667448439367
-0.09304529757640438
-0.7857504244989594
0.18703017704139605
-0.32451465389378553
-0.32899809347397774
-0.7397706653206413
0.1820323916557504
-0.8513879913346574
-0.19123041396534432
-0.31941295932399244
-0.6412434449958979
0.5923515947627169
0.28807553425783683
-4.9738889068041745
-1.2564197908093837
-0.3886588869311547
0.586990567861978
-1.4485154246541418
-0.3656103013747569
-0.9982009541512292
0.35095010914818237
1.1360451915986176
-1.3388794914837734
-0.9353584537009981
-0.8059166694193377
0.6626744219575229
0.08121407530394636
-0.8364361912782173
0.9557185921878881
-0.9304668897484966
-0.7597801004626467
0.653574602952251
-0.7247008171628935
-0.4249644544169433
0.37495392073777883
1.618744831879108
1.0383968309712777
0.28587939847337895
-0.4807843651807509
0.08800416709194457
-1.367232547335595
0.6942137128768167
3.7986962441593226
-0.19428113507123704
0.47929188639010145
-1.718516181847383
-0.15793245722844534
-0.8201460754884947
-0.8518677344082184
-0.6857442442350653
-1.1370535081543247
0.023889211437179137
-0.11952346890846854
0.24463314923902943
-0.09087404000284703
-1.728256431967582
-0.5158861963294694
0.5535841232757926
0.5153407570729737
-0.3133480808587044
-0.1450952444160475
-0.5781148873140272
-0.7263799511096463
-1.1051745720691275
0.004072823125782036
-0.08243117030680595
0.30910588567841546
